0.1.0,2023-02-12T02:24:42.549355
